打印初始数组

61 83 84 49 61 43 48 83 26 59 72 27 28 17 45 75 


直接插入排序

总比较次数: 113

总移动记录次数: 91

二者次数之和: 204

排序结果: 

75 45 28 27 72 59 83 48 61 84 83 61 49 43 26 17 


希尔排序

总比较次数: 98

总移动记录次数: 19

二者次数之和: 117

排序结果: 

84 83 83 75 72 61 61 59 49 48 45 43 28 27 26 17 


起泡排序

总比较次数: 240

总移动记录次数: 480

二者次数之和: 720

排序结果: 

61 83 84 49 61 43 48 83 26 59 72 27 28 17 45 75 


快速排序

总比较次数: 44

总移动记录次数: 44

二者次数之和: 88

排序结果: 

84 83 83 75 72 61 61 59 49 48 45 43 28 27 26 17 


简单选择排序

总比较次数: 41

总移动记录次数: 123

二者次数之和: 164

排序结果: 

61 83 84 49 61 43 48 83 26 59 72 27 28 17 45 75 

