¡¾Before sort¡¿
99 59 97 82 58 20 95 83 74 33 97 14 37 43 85 51 90 34 16 31 20 27 52 94 15 33 18 72 14 89 44 36 87 88 20 23 81 48 80 25 79 94 59 75 48 82 87 67 31 33 79 20 18 32 72 69 81 94 50 18 13 93 72 18 72 38 91 73 74 66 26 87 35 79 23 34 44 57 11 30 74 43 77 90 92 29 36

¡¾After InsertSort¡¿
11 13 14 14 15 16 18 18 18 18 20 20 20 20 23 23 25 26 27 29 30 31 31 32 33 33 33 34 34 35 36 36 37 38 43 43 44 44 48 48 50 51 52 57 58 59 59 66 67 69 72 72 72 72 73 74 74 74 75 77 79 79 79 80 81 81 82 82 83 85 87 87 87 88 89 90 90 91 92 93 94 94 94 95 97 97 99
compareTime :   2030
moveTime :      2030
total :         4060

¡¾After ShellSort¡¿
11 13 14 14 15 16 18 18 18 18 20 20 20 20 23 23 25 26 27 29 30 31 31 32 33 33 33 34 34 35 36 36 37 38 43 43 44 44 48 48 50 51 52 57 58 59 59 66 67 69 72 72 72 72 73 74 74 74 75 77 79 79 79 80 81 81 82 82 83 85 87 87 87 88 89 90 90 91 92 93 94 94 94 95 97 97 99
compareTime :   731
moveTime :      731
total :         1462

¡¾After BubbleSort¡¿
11 13 14 14 15 16 18 18 18 18 20 20 20 20 23 23 25 26 27 29 30 31 31 32 33 33 33 34 34 35 36 36 37 38 43 43 44 44 48 48 50 51 52 57 58 59 59 66 67 69 72 72 72 72 73 74 74 74 75 77 79 79 79 80 81 81 82 82 83 85 87 87 87 88 89 90 90 91 92 93 94 94 94 95 97 97 99
compareTime :   3741
moveTime :      5832
total :         9573

¡¾After QuickSort¡¿
11 13 14 14 15 16 18 18 18 18 20 20 20 20 23 23 25 26 27 29 30 31 31 32 33 33 33 34 34 35 36 36 37 38 43 43 44 44 48 48 50 51 52 57 58 59 59 66 67 69 72 72 72 72 73 74 74 74 75 77 79 79 79 80 81 81 82 82 83 85 87 87 87 88 89 90 90 91 92 93 94 94 94 95 97 97 99
compareTime :   877
moveTime :      417
total :         1294

¡¾After SelectSort¡¿
11 13 14 14 15 16 18 18 18 18 20 20 20 20 23 23 25 26 27 29 30 31 31 32 33 33 33 34 34 35 36 36 37 38 43 43 44 44 48 48 50 51 52 57 58 59 59 66 67 69 72 72 72 72 73 74 74 74 75 77 79 79 79 80 81 81 82 82 83 85 87 87 87 88 89 90 90 91 92 93 94 94 94 95 97 97 99
compareTime :   3741
moveTime :      258
total :         3999

¡¾After HeapSort¡¿
11 13 14 14 15 16 18 18 18 18 20 20 20 20 23 23 25 26 27 29 30 31 31 32 33 33 33 34 34 35 36 36 37 38 43 43 44 44 48 48 50 51 52 57 58 59 59 66 67 69 72 72 72 72 73 74 74 74 75 77 79 79 79 80 81 81 82 82 83 85 87 87 87 88 89 90 90 91 92 93 94 94 94 95 97 97 99
compareTime :   2157
moveTime :      795
total :         2952

¡¾After MergeSort¡¿
11 13 14 14 15 16 18 18 18 18 20 20 20 20 23 23 25 26 27 29 30 31 31 32 33 33 33 34 34 35 36 36 37 38 43 43 44 44 48 48 50 51 52 57 58 59 59 66 67 69 72 72 72 72 73 74 74 74 75 77 79 79 79 80 81 81 82 82 83 85 87 87 87 88 89 90 90 91 92 93 94 94 94 95 97 97 99
compareTime :   454
moveTime :      1182
total :         1636